 2023/12/3 20:28:42
YN YN 2
TP TP 2
KL KL 2
15 1 471
7 1 346
16 2 409
12 3 330
10 4 425
132 189 604
 2023/12/3 20:31:52
KP  0
YJ  0
FY  0
15 1 1522
2 1 201
13 2 204
12 3 251
16 4 330
167 378 1113
4 0 -
3 0 -
FY  0
2 0 -
0 0 597
RJ  0
5 1 506
1 1 310
YK  0
 2023/12/3 20:34:30
NP  0
YF  0
JH  0
10 1 1148
18 2 597
7 2 504
19 3 696
9 3 519
230 354 1116
0 0 975
1 0 440
FQ  0
3 1 597
4 2 532
NT  0
2 2 704
5 3 551
JN  0
89 0 -
29 0 440
1 0 393
60 1 644
QSYN  0
28 1 989
11 1 629
NL  0
37 1 -
17 1 502
95 2 770
22 2 361
73 3 329
90 4 455
61 5 573
QNSYJLH  0
81 6 975
46 6 754
88 7 534
QTN  0
70 8 502
9 8 597
31 8 566
38 8 440
71 9 471
TNLQP  0
76 10 690
56 11 490
51 12 476
99 13 518
68 14 471
6 14 471
FRNSQH  0
97 15 580
15 15 482
79 16 487
RHP  0
27 16 549
14 16 425
58 17 393
26 17 345
65 18 581
23 18 502
PJYTFH  0
7 18 487
96 19 408
NH  0
19 19 722
18 19 549
49 19 392
64 20 456
74 21 660
HQNPY  0
69 22 676
93 23 643
86 24 974
84 25 691
87 26 794
66 27 509
53 28 330
LPTFNHY  0
30 28 -
43 28 411
39 28 424
5 28 522
LTYN  0
33 28 629
78 29 492
50 626
29 858
75 30 569
36 30 356
32 30 395
16 30 496
HTQJYLN  0
55 31 877
77 32 555
2 32 635
82 33 712
85 34 556
YFTSQ  0
4 34 782
67 35 440
0 35 470
LFP  0
35 35 975
21 35 859
83 36 455
54 37 330
KFNT  0
34 37 408
80 38 518
25 38 471
8 38 424
10 38 409
47 38 377
NJHKTL  0
63 39 612
44 39 534
YL  0
Score0 2023/12/3 21:3:43
LH  0
LS  0
TP  0
2 0 1559
11 1 359
1 1 666
12 2 451
5 2 2977
400 802 2406
0 0 1217
3 1 379
QR  0
1 1 411
2 1 663
RF  0
5 2 661
4 3 569
NS  0
96 1 1520
50 394
2 956
84 2 -
NPY  0
7 2 680
4 2 1377
36 2 1959
60 3 2270
62 4 1123
SHFYJ  0
70 5 1394
25 5 1056
33 5 988
95 6 1791
52 7 1485
56 8 730
14 8 1454
PHNTYSL  0
32 8 963
41 8 1118
39 8 853
65 9 606
YJLQ  0
19 9 1156
6 9 1067
YH  0
99 10 838
38 10 941
75 11 505
98 12 715
76 13 982
37 13 359
LTJPNR  0
82 14 1092
72 15 1039
90 16 1049
13 16 620
40 16 529
3 16 310
STNPRQ  0
42 16 744
31 16 550
1 16 957
78 17 445
SNTF  0
57 18 1323
18 18 1068
63 19 758
LFQ  0
34 19 777
59 20 575
FQ  0
9 20 1692
89 21 793
91 22 964
71 23 1004
22 23 568
23 23 647
43 23 627
RKNHFLP  0
12 23 1896
20 23 474
94 24 315
58 25 383
17 25 253
PHKTJ  0
69 26 1870
44 26 698
53 27 344
77 28 602
YRTF  0
15 28 263
88 29 438
45 29 445
RYP  0
73 30 687
26 30 2341
30 30 508
79 31 425
27 31 548
RLQFJ  0
74 32 1133
87 33 1123
92 34 579
66 35 1375
21 35 -
2 35 845
KSTJRY  0
11 35 1014
46 35 1109
RY  0
16 35 1083
49 35 1146
97 36 1286
93 37 842
24 37 447
10 37 294
35 37 849
THYPLNF  0
Score0